10
0.0 0.0 0.0
2.0 2.0 2.0
60
1
5972198600000000000000000.0 100000000.0 100000000.0 100000000.0
0.0 0.0 0.0
0.0 0.0 0.0
60
2
5972198600000000000000000.0 100000000.0 100000000.0 100000000.0
5972198600000000000000000.0 100000000.0 -100000000.0 -100000000.0
1.0 7.0 6.0
5.0 5.0 5.0
30
3
5972198600000000000000.0 100000.0 200000.0 300000.0
5972198600000000000000.0 3000000.0 2000000.0 1000000.0
5972198600000000000000.0 200000.0 300000.0 100000.0
0.0 0.0 0.0
0.0 0.0 0.0
60
6
5972198600000000000000000.0 100000000.0 100000000.0 100000000.0
5972198600000000000000000.0 200000000.0 100000000.0 100000000.0
5972198600000000000000000.0 300000000.0 100000000.0 100000000.0
5972198600000000000000000.0 400000000.0 100000000.0 100000000.0
5972198600000000000000000.0 500000000.0 100000000.0 100000000.0
5972198600000000000000000.0 600000000.0 100000000.0 100000000.0
0.0 0.0 0.0
10.0 10.0 10.0
200
1
5972198600000.0 100000000.0 100000000.0 100000000.0
10000.0 0.0 0.0
0.0 6.0 6.0
60
1
5972198600000000000000000.0 0.0 100000000.0 100000000.0
0.0 0.0 0.0
0.0 0.0 0.0
100
7
5972198600000000000000000.0 100000000.0 100000000.0 100000000.0
5972198600000000000000000.0 -100000000.0 -100000000.0 -100000000.0
5972198600000000000000000.0 -100000000.0 100000000.0 100000000.0
5972198600000000000000000.0 100000000.0 -100000000.0 -100000000.0
5972198600000000000000000.0 100000000.0 -100000000.0 100000000.0
5972198600000000000000000.0 -100000000.0 100000000.0 -100000000.0
5972198600000000000000000.0 100000000.0 100000000.0 -100000000.0
0.0 0.0 0.0
0.0 0.0 0.0
120
8
5972198600000000000000000.0 100000000.0 100000000.0 100000000.0
5972198600000000000000000.0 -100000000.0 -100000000.0 -100000000.0
5972198600000000000000000.0 -100000000.0 100000000.0 100000000.0
5972198600000000000000000.0 100000000.0 -100000000.0 -100000000.0
5972198600000000000000000.0 100000000.0 -100000000.0 100000000.0
5972198600000000000000000.0 -100000000.0 100000000.0 -100000000.0
5972198600000000000000000.0 100000000.0 100000000.0 -100000000.0
597219860000000000000000.0 -100000000.0 -100000000.0 100000000.0
0.0 0.0 0.0
0.0 0.0 0.0
120
2
5972198600000000000000000.0 1000000.0 1000000.0 1000000.0
5972198600000000000000000.0 -1000000.0 -1000000.0 -1000000.0
0.0 0.0 0.0
0.0 0.0 0.0
120
3
5972198600000000000000000.0 100000000.0 100000000.0 100000000.0
1989000000000000000000000000000.0 -149600000000.0 0.0 0.0
62900000000000000000000.0 0.0 0.0 5460000000.0
